2
10
19 21618449 9563 5172 5223 5532 
44 51240151 8941 8981 5208 7041 
25 67399331 8693 1994 4931 3489 
29 30166724 4775 2148 1993 5123 
73 56954435 1383 8165 5545 7755 
44 51240151 8941 8981 5208 7041 
44 51240151 8941 8981 5208 7041 
44 51240151 8941 8981 5208 7041 
44 51240151 8941 8981 5208 7041 
44 51240151 8941 8981 5208 7041 

9
64 40739438 5205 6992 4793 6289 
54 25449288 2044 8237 5274 8686 
56 24464841 1388 7376 8939 4832 
80 44396587 3838 3835 4307 2071 
80 44396587 3838 3835 4307 2071 
93 68994904 6386 9456 7902 8862 
63 22448360 7215 2951 5353 4594 
63 22448360 7215 2951 5353 4594 
64 40739438 5205 6992 4793 6289 

